Default KNN Model

Parameters:
{'algorithm': 'auto',
 'leaf_size': 30,
 'metric': 'minkowski',
 'metric_params': None,
 'n_jobs': None,
 'n_neighbors': 5,
 'p': 2,
 'weights': 'uniform'}


              precision    recall  f1-score   support

           0       0.98      0.99      0.99      1421
           1       0.95      1.00      0.97      1515
           2       0.98      0.96      0.97      1438
           3       0.98      0.97      0.97      1436
           4       0.98      0.96      0.97      1391
           5       0.97      0.98      0.97      1248
           6       0.97      0.99      0.98      1303
           7       0.97      0.97      0.97      1473
           8       0.98      0.94      0.96      1372
           9       0.95      0.97      0.96      1403

    accuracy                           0.97     14000
   macro avg       0.97      0.97      0.97     14000
weighted avg       0.97      0.97      0.97     14000


Weighted KNN Model with only metric params passed.

<bound method BaseEstimator.get_params of KNeighborsClassifier(metric_params={'w': [0.4282912765903319, 0.421422389114755,
                                          0.42017655743499194,
                                          0.4128070464831084,
                                          0.3753183088144953,
                                          0.36091314884900977,
                                          0.3531326824722247,
                                          0.35238927909969914,
                                          0.3391171429963162,
                                          0.3216914798477211,
                                          0.3194923058888866,
                                          0.3177131814421001,
                                          0.3137697822050329,
                                          0.31242955299676045,
                                          0.3107400977812889,
                                          0.30973501852993846,
                                          0.3097199088733904,
                                          0.30399960279195815,
                                          0.30143967969543745,
                                          0.3009057481662837,
                                          0.29554470908407293,
                                          0.29495016216530967,
                                          0.2889696100339311,
                                          0.28862601013664924,
                                          0.28759581396129735,
                                          0.28677204851102894,
                                          0.28675279711138907,
                                          0.2845095444628478,
                                          0.28172087882532204,
                                          0.27846342147926106, ...]})>


Classfication Report for Default Weighted KNN 
              precision    recall  f1-score   support

           0       0.97      0.98      0.97      1421
           1       0.94      1.00      0.97      1515
           2       0.95      0.91      0.93      1438
           3       0.94      0.93      0.93      1436
           4       0.98      0.96      0.97      1391
           5       0.96      0.97      0.96      1248
           6       0.97      0.98      0.97      1303
           7       0.92      0.96      0.94      1473
           8       0.97      0.86      0.91      1372
           9       0.93      0.96      0.94      1403

    accuracy                           0.95     14000
   macro avg       0.95      0.95      0.95     14000
weighted avg       0.95      0.95      0.95     14000

Classfication Report for Weighted 3-NN
              precision    recall  f1-score   support

           0       0.96      0.98      0.97      1421
           1       0.95      0.99      0.97      1515
           2       0.94      0.91      0.93      1438
           3       0.95      0.92      0.93      1436
           4       0.98      0.97      0.97      1391
           5       0.96      0.97      0.96      1248
           6       0.97      0.98      0.98      1303
           7       0.93      0.97      0.95      1473
           8       0.97      0.86      0.91      1372
           9       0.93      0.96      0.94      1403

    accuracy                           0.95     14000
   macro avg       0.95      0.95      0.95     14000
weighted avg       0.95      0.95      0.95     14000

Classfication Report for Weighted 3-NN with important features (Corr>0.2)
              precision    recall  f1-score   support

           0       0.93      0.98      0.95      1421
           1       0.92      0.99      0.96      1515
           2       0.89      0.89      0.89      1438
           3       0.87      0.89      0.88      1436
           4       0.87      0.84      0.85      1391
           5       0.89      0.85      0.87      1248
           6       0.92      0.96      0.94      1303
           7       0.87      0.88      0.87      1473
           8       0.92      0.80      0.85      1372
           9       0.81      0.81      0.81      1403

    accuracy                           0.89     14000
   macro avg       0.89      0.89      0.89     14000
weighted avg       0.89      0.89      0.89     14000

Classfication Report for Default KNN with metric set to Manhattan
              precision    recall  f1-score   support

           0       0.97      0.99      0.98      1421
           1       0.93      1.00      0.96      1515
           2       0.98      0.94      0.96      1438
           3       0.97      0.96      0.96      1436
           4       0.98      0.95      0.97      1391
           5       0.97      0.97      0.97      1248
           6       0.97      0.99      0.98      1303
           7       0.96      0.97      0.96      1473
           8       0.99      0.92      0.95      1372
           9       0.95      0.96      0.95      1403

    accuracy                           0.96     14000
   macro avg       0.97      0.96      0.96     14000
weighted avg       0.97      0.96      0.96     14000
